# ......................
# .(x1, y1)----(x2, y2).
# .   |------------|   .
# .   |------------|   .
# .(x3, y3)----(x4, y4).
# ......................

# (x1, y1),  --> 0
# (x4, y4),  --> -2

# FORMAT!
# [
#
#     # bb-0
#     [
#
#     [x1, y1],  --> 0
#     [x2, y2],
#     [x4, y4],  --> -2
#     [x3, y3]
#
#     ],
#
#     # bb-1
#     [
#
#     [x1, y1],  --> 0
#     [x2, y2],
#     [x4, y4],  --> -2
#     [x3, y3]
#
#     ],
#
#     # bb-2
#     [
#
#     [x1, y1],  --> 0
#     [x2, y2],
#     [x4, y4],  --> -2
#     [x3, y3]
#
#     ],
#
# ]

# near_far_coords
array([[0.13841519, 0.06406249, 0.36166546, 0.0796875 ],
       [0.75681851, 0.0640625 , 0.8528162 , 0.0796875 ],
       [0.14064769, 0.1125    , 0.85504862, 0.125     ],
       [0.14067161, 0.12356918, 0.85503887, 0.13776899],
       [0.14066814, 0.13834544, 0.85279906, 0.15320074],
       [0.14064769, 0.1546875 , 0.8528162 , 0.16718749],
       [0.1428802 , 0.16718749, 0.35943296, 0.1796875 ],
       [0.66082092, 0.26250001, 0.76128355, 0.28593751],
       [0.5335682 , 0.2640625 , 0.62510085, 0.28437499],
       [0.1518102 , 0.2671875 , 0.20539028, 0.28593751],
       [0.22836327, 0.27357062, 0.36843344, 0.28999412],
       [0.39292053, 0.275     , 0.45766312, 0.28593751],
       [0.15404268, 0.31093749, 0.6206357 , 0.3359375 ],
       [0.65189087, 0.31406251, 0.71216845, 0.33437499],
       [0.56442634, 0.36058943, 0.78837947, 0.38587625],
       [0.15338706, 0.36735317, 0.48734265, 0.39206041],
       [0.15631389, 0.41341252, 0.26051028, 0.44913345],
       [0.28196514, 0.42484373, 0.37997201, 0.43999999],
       [0.50231318, 0.4140625 , 0.76798102, 0.45000001],
       [0.33270227, 0.46187781, 0.44572022, 0.49256784],
       [0.15637189, 0.46387253, 0.30128472, 0.48947552],
       [0.48164267, 0.46564003, 0.56346543, 0.48527826],
       [0.58812541, 0.46553513, 0.72645505, 0.48591256],
       [0.74342352, 0.47187499, 0.78137606, 0.49843749],
       [0.45560191, 0.51238865, 0.682779  , 0.54287239],
       [0.27442103, 0.51907492, 0.316286  , 0.53551981],
       [0.33934045, 0.52187499, 0.41971058, 0.53749999],
       [0.75235351, 0.52031251, 0.77691106, 0.53593751],
       [0.16301223, 0.52146022, 0.2098059 , 0.53801856],
       [0.52728299, 0.55706735, 0.6268182 , 0.60288473],
       [0.66305334, 0.56406244, 0.76128345, 0.58437499],
       [0.23670561, 0.56410704, 0.44410977, 0.5899275 ],
       [0.16074022, 0.5703125 , 0.20092527, 0.5859375 ],
       [0.16621892, 0.61425678, 0.26371294, 0.64616559],
       [0.30292228, 0.6174661 , 0.45583143, 0.63806483],
       [0.14064769, 0.79843751, 0.19646026, 0.80781253]])


Process finished with exit code 0


# all bb outputs
{'boxes': array([[[ 343.13126,  226.90935],
        [ 896.56866,  226.90935],
        [ 896.56866,  282.2531 ],
        [ 343.13126,  282.2531 ]],

       [[1876.1531 ,  226.90938],
        [2114.1313 ,  226.90938],
        [2114.1313 ,  282.2531 ],
        [1876.1531 ,  282.2531 ]],

       [[ 348.66562,  398.475  ],
        [2119.6655 ,  398.475  ],
        [2119.6655 ,  442.75   ],
        [ 348.66562,  442.75   ]],

       [[ 348.7249 ,  437.68204],
        [2119.802  ,  444.16956],
        [2119.6414 ,  487.97775],
        [ 348.56436,  481.4902 ]],

       [[ 348.7163 ,  490.01953],
        [2114.2607 ,  496.6074 ],
        [2114.0889 ,  542.637  ],
        [ 348.54462,  536.0492 ]],

       [[ 348.66562,  547.90314],
        [2114.1313 ,  547.90314],
        [2114.1313 ,  592.1781 ],
        [ 348.66562,  592.1781 ]],

       [[ 354.2    ,  592.1781 ],
        [ 891.0343 ,  592.1781 ],
        [ 891.0343 ,  636.4531 ],
        [ 354.2    ,  636.4531 ]],

       [[1638.175  ,  929.775  ],
        [1887.2219 ,  929.775  ],
        [1887.2219 , 1012.79065],
        [1638.175  , 1012.79065]],

       [[1322.7156 ,  935.3094 ],
        [1549.625  ,  935.3094 ],
        [1549.625  , 1007.2562 ],
        [1322.7156 , 1007.2562 ]],

       [[ 376.3375 ,  946.3781 ],
        [ 509.1625 ,  946.3781 ],
        [ 509.1625 , 1012.79065],
        [ 376.3375 , 1012.79065]],

       [[ 566.11255,  968.9871 ],
        [ 901.5358 ,  928.7364 ],
        [ 913.3465 , 1027.1592 ],
        [ 577.9233 , 1067.4099 ]],

       [[ 974.05   ,  974.05   ],
        [1134.5469 ,  974.05   ],
        [1134.5469 , 1012.79065],
        [ 974.05   , 1012.79065]],

       [[ 381.8718 , 1101.3406 ],
        [1538.5559 , 1101.3406 ],
        [1538.5559 , 1189.8906 ],
        [ 381.8718 , 1189.8906 ]],

       [[1616.0375 , 1112.4094 ],
        [1765.4656 , 1112.4094 ],
        [1765.4656 , 1184.3562 ],
        [1616.0375 , 1184.3562 ]],

       [[1399.2129 , 1277.2078 ],
        [1953.1865 , 1270.2831 ],
        [1954.3927 , 1366.7737 ],
        [1400.4192 , 1373.6984 ]],

       [[ 380.24652, 1301.1649 ],
        [1205.4585 , 1280.7893 ],
        [1208.1224 , 1388.678  ],
        [ 382.9105 , 1409.0536 ]],

       [[ 387.50214, 1464.3071 ],
        [ 650.62   , 1475.2705 ],
        [ 645.805  , 1590.8307 ],
        [ 382.68716, 1579.8673 ]],

       [[ 698.9916 , 1504.7965 ],
        [ 901.54974, 1437.2771 ],
        [ 941.9506 , 1558.48   ],
        [ 739.39246, 1625.9995 ]],

       [[1245.2344 , 1466.6094 ],
        [1903.825  , 1466.6094 ],
        [1903.825  , 1593.9    ],
        [1245.2344 , 1593.9    ]],

       [[ 824.7689 , 1635.9712 ],
        [1110.9155 , 1655.0477 ],
        [1104.9404 , 1744.6753 ],
        [ 818.7937 , 1725.5988 ]],

       [[ 387.6459 , 1643.0365 ],
        [ 748.58527, 1650.4027 ],
        [ 746.8848 , 1733.7223 ],
        [ 385.94547, 1726.3561 ]],

       [[1193.9922 , 1649.297  ],
        [1393.9802 , 1641.8899 ],
        [1396.8308 , 1718.8556 ],
        [1196.8428 , 1726.2627 ]],

       [[1457.9629 , 1648.9254 ],
        [1797.4518 , 1635.3458 ],
        [1800.8821 , 1721.1023 ],
        [1461.3932 , 1734.6819 ]],

       [[1842.9469 , 1671.3812 ],
        [1937.0312 , 1671.3812 ],
        [1937.0312 , 1765.4656 ],
        [1842.9469 , 1765.4656 ]],

       [[1129.4371 , 1814.8806 ],
        [1695.831  , 1835.8582 ],
        [1692.6091 , 1922.854  ],
        [1126.2151 , 1901.8765 ]],

       [[ 680.28973, 1838.5634 ],
        [ 777.2783 , 1828.8644 ],
        [ 784.073  , 1896.8112 ],
        [ 687.0844 , 1906.5101 ]],

       [[ 841.225  , 1848.4812 ],
        [1040.4625 , 1848.4812 ],
        [1040.4625 , 1903.825  ],
        [ 841.225  , 1903.825  ]],

       [[1865.0844 , 1842.9469 ],
        [1925.9625 , 1842.9469 ],
        [1925.9625 , 1898.2906 ],
        [1865.0844 , 1898.2906 ]],

       [[ 404.10733, 1847.0121 ],
        [ 523.4882 , 1854.9707 ],
        [ 520.1088 , 1905.6617 ],
        [ 400.7279 , 1897.703  ]],

       [[1307.1345 , 1973.1326 ],
        [1570.0597 , 2005.9983 ],
        [1553.8823 , 2135.4177 ],
        [1290.957  , 2102.552  ]],

       [[1643.7092 , 1997.9092 ],
        [1887.2217 , 1997.9092 ],
        [1887.2217 , 2069.8562 ],
        [1643.7092 , 2069.8562 ]],

       [[ 586.7932 , 1998.0671 ],
        [1103.0902 , 2012.4087 ],
        [1100.9481 , 2089.5232 ],
        [ 584.6511 , 2075.1816 ]],

       [[ 398.475  , 2020.0469 ],
        [ 498.09375, 2020.0469 ],
        [ 498.09375, 2075.3906 ],
        [ 398.475  , 2075.3906 ]],

       [[ 412.0567 , 2175.6975 ],
        [ 665.27686, 2215.6797 ],
        [ 653.7444 , 2288.7185 ],
        [ 400.52426, 2248.7366 ]],

       [[ 750.94434, 2187.065  ],
        [1128.0023 , 2177.8687 ],
        [1130.0061 , 2260.0256 ],
        [ 752.9481 , 2269.222  ]],

       [[ 348.66562, 2828.0657 ],
        [ 487.025  , 2828.0657 ],
        [ 487.025  , 2861.272  ],
        [ 348.66562, 2861.272  ]]], dtype=float32),
 'boxes_as_ratios': array([[[0.13841519, 0.06406249],
        [0.36166546, 0.06406249],
        [0.36166546, 0.0796875 ],
        [0.13841519, 0.0796875 ]],

       [[0.75681851, 0.0640625 ],
        [0.8528162 , 0.0640625 ],
        [0.8528162 , 0.0796875 ],
        [0.75681851, 0.0796875 ]],

       [[0.14064769, 0.1125    ],
        [0.85504862, 0.1125    ],
        [0.85504862, 0.125     ],
        [0.14064769, 0.125     ]],

       [[0.14067161, 0.12356918],
        [0.85510367, 0.12540078],
        [0.85503887, 0.13776899],
        [0.14060684, 0.13593738]],

       [[0.14066814, 0.13834544],
        [0.85286839, 0.14020536],
        [0.85279906, 0.15320074],
        [0.14059888, 0.15134082]],

       [[0.14064769, 0.1546875 ],
        [0.8528162 , 0.1546875 ],
        [0.8528162 , 0.16718749],
        [0.14064769, 0.16718749]],

       [[0.1428802 , 0.16718749],
        [0.35943296, 0.16718749],
        [0.35943296, 0.1796875 ],
        [0.1428802 , 0.1796875 ]],

       [[0.66082092, 0.26250001],
        [0.76128355, 0.26250001],
        [0.76128355, 0.28593751],
        [0.66082092, 0.28593751]],

       [[0.5335682 , 0.2640625 ],
        [0.62510085, 0.2640625 ],
        [0.62510085, 0.28437499],
        [0.5335682 , 0.28437499]],

       [[0.1518102 , 0.2671875 ],
        [0.20539028, 0.2671875 ],
        [0.20539028, 0.28593751],
        [0.1518102 , 0.28593751]],

       [[0.22836327, 0.27357062],
        [0.36366915, 0.26220677],
        [0.36843344, 0.28999412],
        [0.23312758, 0.30135797]],

       [[0.39292053, 0.275     ],
        [0.45766312, 0.275     ],
        [0.45766312, 0.28593751],
        [0.39292053, 0.28593751]],

       [[0.15404268, 0.31093749],
        [0.6206357 , 0.31093749],
        [0.6206357 , 0.3359375 ],
        [0.15404268, 0.3359375 ]],

       [[0.65189087, 0.31406251],
        [0.71216845, 0.31406251],
        [0.71216845, 0.33437499],
        [0.65189087, 0.33437499]],

       [[0.56442634, 0.36058943],
        [0.78789291, 0.35863441],
        [0.78837947, 0.38587625],
        [0.56491294, 0.38783127]],

       [[0.15338706, 0.36735317],
        [0.48626805, 0.36160059],
        [0.48734265, 0.39206041],
        [0.15446167, 0.39781298]],

       [[0.15631389, 0.41341252],
        [0.2624526 , 0.41650777],
        [0.26051028, 0.44913345],
        [0.15437159, 0.4460382 ]],

       [[0.28196514, 0.42484373],
        [0.36367477, 0.40578123],
        [0.37997201, 0.43999999],
        [0.29826239, 0.45906254]],

       [[0.50231318, 0.4140625 ],
        [0.76798102, 0.4140625 ],
        [0.76798102, 0.45000001],
        [0.50231318, 0.45000001]],

       [[0.33270227, 0.46187781],
        [0.44813051, 0.46726362],
        [0.44572022, 0.49256784],
        [0.33029193, 0.48718203]],

       [[0.15637189, 0.46387253],
        [0.30197066, 0.4659522 ],
        [0.30128472, 0.48947552],
        [0.15568595, 0.48739584]],

       [[0.48164267, 0.46564003],
        [0.56231554, 0.46354881],
        [0.56346543, 0.48527826],
        [0.48279257, 0.48736948]],

       [[0.58812541, 0.46553513],
        [0.72507131, 0.46170125],
        [0.72645505, 0.48591256],
        [0.58950915, 0.48974644]],

       [[0.74342352, 0.47187499],
        [0.78137606, 0.47187499],
        [0.78137606, 0.49843749],
        [0.74342352, 0.49843749]],

       [[0.45560191, 0.51238865],
        [0.68407868, 0.51831117],
        [0.682779  , 0.54287239],
        [0.45430217, 0.53694988]],

       [[0.27442103, 0.51907492],
        [0.31354511, 0.51633664],
        [0.316286  , 0.53551981],
        [0.27716192, 0.53825808]],

       [[0.33934045, 0.52187499],
        [0.41971058, 0.52187499],
        [0.41971058, 0.53749999],
        [0.33934045, 0.53749999]],

       [[0.75235351, 0.52031251],
        [0.77691106, 0.52031251],
        [0.77691106, 0.53593751],
        [0.75235351, 0.53593751]],

       [[0.16301223, 0.52146022],
        [0.21116911, 0.52370714],
        [0.2098059 , 0.53801856],
        [0.16164901, 0.5357716 ]],

       [[0.52728299, 0.55706735],
        [0.63334397, 0.56634621],
        [0.6268182 , 0.60288473],
        [0.52075717, 0.59360587]],

       [[0.66305334, 0.56406244],
        [0.76128345, 0.56406244],
        [0.76128345, 0.58437499],
        [0.66305334, 0.58437499]],

       [[0.23670561, 0.56410704],
        [0.44497386, 0.56815604],
        [0.44410977, 0.5899275 ],
        [0.23584152, 0.5858785 ]],

       [[0.16074022, 0.5703125 ],
        [0.20092527, 0.5703125 ],
        [0.20092527, 0.5859375 ],
        [0.16074022, 0.5859375 ]],

       [[0.16621892, 0.61425678],
        [0.26836501, 0.6255448 ],
        [0.26371294, 0.64616559],
        [0.16156687, 0.63487763]],

       [[0.30292228, 0.6174661 ],
        [0.45502312, 0.61486975],
        [0.45583143, 0.63806483],
        [0.30373058, 0.64066119]],

       [[0.14064769, 0.79843751],
        [0.19646026, 0.79843751],
        [0.19646026, 0.80781253],
        [0.14064769, 0.80781253]]]),
 'heatmaps': {'link_score_heatmap': array([[[128,   0,   0],
        [128,   0,   0],
        [128,   0,   0],
        ...,
        [128,   0,   0],
        [128,   0,   0],
        [128,   0,   0]],

       [[136,   0,   0],
        [128,   0,   0],
        [128,   0,   0],
        ...,
        [128,   0,   0],
        [128,   0,   0],
        [128,   0,   0]],

       [[136,   0,   0],
        [128,   0,   0],
        [128,   0,   0],
        ...,
        [128,   0,   0],
        [128,   0,   0],
        [128,   0,   0]],

       ...,

       [[156,   0,   0],
        [168,   0,   0],
        [132,   0,   0],
        ...,
        [128,   0,   0],
        [128,   0,   0],
        [128,   0,   0]],

       [[160,   0,   0],
        [144,   0,   0],
        [128,   0,   0],
        ...,
        [128,   0,   0],
        [128,   0,   0],
        [128,   0,   0]],

       [[128,   0,   0],
        [132,   0,   0],
        [128,   0,   0],
        ...,
        [136,   0,   0],
        [128,   0,   0],
        [128,   0,   0]]], dtype=uint8),
              'text_score_heatmap': array([[[128,   0,   0],
        [144,   0,   0],
        [128,   0,   0],
        ...,
        [128,   0,   0],
        [132,   0,   0],
        [128,   0,   0]],

       [[128,   0,   0],
        [128,   0,   0],
        [128,   0,   0],
        ...,
        [128,   0,   0],
        [128,   0,   0],
        [128,   0,   0]],

       [[128,   0,   0],
        [128,   0,   0],
        [128,   0,   0],
        ...,
        [128,   0,   0],
        [128,   0,   0],
        [128,   0,   0]],

       ...,

       [[128,   0,   0],
        [128,   0,   0],
        [128,   0,   0],
        ...,
        [128,   0,   0],
        [128,   0,   0],
        [128,   0,   0]],

       [[132,   0,   0],
        [128,   0,   0],
        [128,   0,   0],
        ...,
        [128,   0,   0],
        [128,   0,   0],
        [148,   0,   0]],

       [[128,   0,   0],
        [128,   0,   0],
        [128,   0,   0],
        ...,
        [128,   0,   0],
        [128,   0,   0],
        [128,   0,   0]]], dtype=uint8)},
 'polys': array([array([[343.13126, 226.90935],
       [896.56866, 226.90935],
       [896.56866, 282.2531 ],
       [343.13126, 282.2531 ]], dtype=float32),
       array([[1876.1531 ,  226.90938],
       [2114.1313 ,  226.90938],
       [2114.1313 ,  282.2531 ],
       [1876.1531 ,  282.2531 ]], dtype=float32),
       array([[ 348.66562,  398.475  ],
       [2119.6655 ,  398.475  ],
       [2119.6655 ,  442.75   ],
       [ 348.66562,  442.75   ]], dtype=float32),
       array([[ 348.7249 ,  437.68204],
       [2119.802  ,  444.16956],
       [2119.6414 ,  487.97775],
       [ 348.56436,  481.4902 ]], dtype=float32),
       array([[ 348.7163 ,  490.01953],
       [2114.2607 ,  496.6074 ],
       [2114.0889 ,  542.637  ],
       [ 348.54462,  536.0492 ]], dtype=float32),
       array([[ 348.66562,  547.90314],
       [2114.1313 ,  547.90314],
       [2114.1313 ,  592.1781 ],
       [ 348.66562,  592.1781 ]], dtype=float32),
       array([[354.2   , 592.1781],
       [891.0343, 592.1781],
       [891.0343, 636.4531],
       [354.2   , 636.4531]], dtype=float32),
       array([[1638.175  ,  929.775  ],
       [1887.2219 ,  929.775  ],
       [1887.2219 , 1012.79065],
       [1638.175  , 1012.79065]], dtype=float32),
       array([[1322.7156,  935.3094],
       [1549.625 ,  935.3094],
       [1549.625 , 1007.2562],
       [1322.7156, 1007.2562]], dtype=float32),
       array([[ 376.3375 ,  946.3781 ],
       [ 509.1625 ,  946.3781 ],
       [ 509.1625 , 1012.79065],
       [ 376.3375 , 1012.79065]], dtype=float32),
       array([[ 561.7989457 ,  973.21509975],
       [ 631.35449032,  969.29191836],
       [ 650.92630036,  983.82322834],
       [ 724.55365473,  948.35972909],
       [ 810.22157364,  952.24163748],
       [ 870.27417485,  947.84121682],
       [ 915.33396731,  951.98777157],
       [ 913.27105536, 1015.82182817],
       [ 868.2112629 , 1011.67527343],
       [ 808.58656775, 1016.0894336 ],
       [ 728.67217162, 1012.10783113],
       [ 678.3636304 , 1041.43665608],
       [ 606.78155361, 1028.07971597],
       [ 537.22600898, 1032.00289736]]),
       array([[ 974.05   ,  974.05   ],
       [1134.5469 ,  974.05   ],
       [1134.5469 , 1012.79065],
       [ 974.05   , 1012.79065]], dtype=float32),
       array([[ 381.8718, 1101.3406],
       [1538.5559, 1101.3406],
       [1538.5559, 1189.8906],
       [ 381.8718, 1189.8906]], dtype=float32),
       array([[1616.0375, 1112.4094],
       [1765.4656, 1112.4094],
       [1765.4656, 1184.3562],
       [1616.0375, 1184.3562]], dtype=float32),
       array([[1388.31223647, 1296.28015569],
       [1475.77731974, 1293.67774908],
       [1568.59196211, 1281.79896424],
       [1649.38130488, 1288.89086421],
       [1763.56093353, 1274.06040449],
       [1856.50331416, 1286.27806703],
       [1959.92129692, 1287.21466122],
       [1957.17194934, 1364.90465174],
       [1853.75396658, 1363.96805755],
       [1759.87512291, 1351.71386206],
       [1654.99434665, 1366.42882095],
       [1571.03604076, 1359.49579775],
       [1477.63258544, 1371.39047105],
       [1390.16750217, 1373.99287766]]),
       array([[ 375.47994284, 1306.54766778],
       [ 468.81141966, 1304.2431897 ],
       [ 613.35899903, 1295.33183137],
       [ 822.61130792, 1298.36699628],
       [ 970.98980789, 1294.58935619],
       [1122.40714772, 1299.18449422],
       [1215.86416518, 1301.96427249],
       [1208.45244373, 1372.01494478],
       [1114.99542628, 1369.2351665 ],
       [ 968.93684849, 1364.98220392],
       [ 831.24185629, 1368.26809817],
       [ 610.98432808, 1365.71525524],
       [ 469.7248145 , 1374.65630416],
       [ 376.39333768, 1376.96078224]]),
       array([[ 389.67122715, 1456.70987192],
       [ 425.2262962 , 1463.30051417],
       [ 467.88201785, 1473.24206802],
       [ 520.47474871, 1472.68613278],
       [ 569.62990052, 1479.54438432],
       [ 597.14919817, 1479.66576081],
       [ 647.04926793, 1485.94128021],
       [ 662.84561107, 1556.03929682],
       [ 612.94554131, 1549.76377741],
       [ 541.79565238, 1545.77389425],
       [ 525.40063045, 1544.38844213],
       [ 457.16840483, 1544.31049788],
       [ 412.8060348 , 1534.08900704],
       [ 377.25096574, 1527.49836479]]),
       array([[ 698.9916 , 1504.7965 ],
       [ 901.54974, 1437.2771 ],
       [ 941.9506 , 1558.48   ],
       [ 739.39246, 1625.9995 ]], dtype=float32),
       array([[1245.2344, 1466.6094],
       [1903.825 , 1466.6094],
       [1903.825 , 1593.9   ],
       [1245.2344, 1593.9   ]], dtype=float32),
       array([[ 823.65661159, 1653.00018626],
       [ 855.56370549, 1655.26693696],
       [ 908.4794973 , 1661.23830756],
       [ 962.58597983, 1662.36139587],
       [1012.18255547, 1663.03314888],
       [1072.43125334, 1651.35993787],
       [1118.0510878 , 1640.2848976 ],
       [1125.11958468, 1701.25243312],
       [1079.49975022, 1712.32747339],
       [1016.57750039, 1724.216718  ],
       [ 966.77182092, 1723.55729913],
       [ 899.46476542, 1721.88179757],
       [ 842.67562452, 1715.24386909],
       [ 810.76853061, 1712.97711839]]),
       array([[ 372.43858984, 1656.87290682],
       [ 422.47322637, 1654.10251644],
       [ 489.52176951, 1647.64254332],
       [ 572.43264601, 1652.14961067],
       [ 645.21169065, 1658.58944234],
       [ 687.1214371 , 1664.66013462],
       [ 751.10704892, 1677.98491577],
       [ 751.7023283 , 1745.9567347 ],
       [ 687.71671648, 1732.63195355],
       [ 642.33856691, 1726.50194136],
       [ 562.20437708, 1719.40175618],
       [ 492.09574148, 1715.57628403],
       [ 416.63721839, 1721.83689945],
       [ 366.60258185, 1724.60728983]]),
       array([[1193.9922, 1649.297 ],
       [1393.9802, 1641.8899],
       [1396.8308, 1718.8556],
       [1196.8428, 1726.2627]], dtype=float32),
       array([[1445.92326542, 1681.58721127],
       [1500.91367881, 1664.68426761],
       [1570.72501771, 1646.51279784],
       [1629.75819139, 1640.76609364],
       [1677.4443822 , 1641.49021475],
       [1769.4287413 , 1640.76200131],
       [1809.26195917, 1642.54719446],
       [1803.03077493, 1720.09961287],
       [1763.19755706, 1718.31441973],
       [1679.74747518, 1719.23522921],
       [1628.65799644, 1718.54202237],
       [1589.34428459, 1722.09754831],
       [1507.12443268, 1742.21745454],
       [1452.13401928, 1759.1203982 ]]),
       array([[1842.9469, 1671.3812],
       [1937.0312, 1671.3812],
       [1937.0312, 1765.4656],
       [1842.9469, 1765.4656]], dtype=float32),
       array([[1117.9509899 , 1827.26789735],
       [1221.92912182, 1822.3985214 ],
       [1317.3088499 , 1823.21139161],
       [1412.74018016, 1821.38663574],
       [1524.62795037, 1825.44352484],
       [1643.72342568, 1829.93767761],
       [1699.5379798 , 1832.00488024],
       [1691.15601986, 1910.45662972],
       [1635.34146574, 1908.3894271 ],
       [1523.48016538, 1904.32963797],
       [1415.40910162, 1900.23991573],
       [1312.47472834, 1901.95768736],
       [1220.68807106, 1901.28317678],
       [1116.70993914, 1906.15255273]]),
       array([[ 680.28973, 1838.5634 ],
       [ 777.2783 , 1828.8644 ],
       [ 784.073  , 1896.8112 ],
       [ 687.0844 , 1906.5101 ]], dtype=float32),
       array([[ 841.225 , 1848.4812],
       [1040.4625, 1848.4812],
       [1040.4625, 1903.825 ],
       [ 841.225 , 1903.825 ]], dtype=float32),
       array([[1865.0844, 1842.9469],
       [1925.9625, 1842.9469],
       [1925.9625, 1898.2906],
       [1865.0844, 1898.2906]], dtype=float32),
       array([[ 397.97779312, 1844.52789403],
       [ 421.337644  , 1849.77664518],
       [ 437.66619114, 1850.39237844],
       [ 459.62128488, 1854.06563819],
       [ 482.5135371 , 1853.17387025],
       [ 504.05018367, 1857.15545791],
       [ 527.6182922 , 1859.28037552],
       [ 530.55653313, 1903.43137529],
       [ 506.9884246 , 1901.30645768],
       [ 485.45177804, 1897.32487002],
       [ 453.7420411 , 1897.88461034],
       [ 443.47665085, 1894.31821333],
       [ 405.54115228, 1891.31635379],
       [ 382.1813014 , 1886.06760264]]),
       array([[1307.1345, 1973.1326],
       [1570.0597, 2005.9983],
       [1553.8823, 2135.4177],
       [1290.957 , 2102.552 ]], dtype=float32),
       array([[1643.7092, 1997.9092],
       [1887.2217, 1997.9092],
       [1887.2217, 2069.8562],
       [1643.7092, 2069.8562]], dtype=float32),
       array([[ 586.7932, 1998.0671],
       [1103.0902, 2012.4087],
       [1100.9481, 2089.5232],
       [ 584.6511, 2075.1816]], dtype=float32),
       array([[ 398.475  , 2020.0469 ],
       [ 498.09375, 2020.0469 ],
       [ 498.09375, 2075.3906 ],
       [ 398.475  , 2075.3906 ]], dtype=float32),
       array([[ 412.0567 , 2175.6975 ],
       [ 665.27686, 2215.6797 ],
       [ 653.7444 , 2288.7185 ],
       [ 400.52426, 2248.7366 ]], dtype=float32),
       array([[ 742.53660559, 2189.9458087 ],
       [ 792.45580724, 2188.72828902],
       [ 883.98567683, 2186.47024303],
       [ 926.37052752, 2185.39300469],
       [ 999.6476178 , 2183.70767231],
       [1069.009716  , 2179.78290218],
       [1147.36701135, 2174.29582924],
       [1135.93824518, 2244.86868223],
       [1057.58094983, 2250.35575518],
       [1006.85523907, 2254.84029226],
       [ 927.12328216, 2256.88682099],
       [ 882.07439159, 2257.94207472],
       [ 798.73677868, 2259.94901286],
       [ 748.81757703, 2261.16653255]]),
       array([[ 348.66562, 2828.0657 ],
       [ 487.025  , 2828.0657 ],
       [ 487.025  , 2861.272  ],
       [ 348.66562, 2861.272  ]], dtype=float32)], dtype=object),
 'polys_as_ratios': array([array([[0.13841519, 0.06406249],
       [0.36166546, 0.06406249],
       [0.36166546, 0.0796875 ],
       [0.13841519, 0.0796875 ]]),
       array([[0.75681851, 0.0640625 ],
       [0.8528162 , 0.0640625 ],
       [0.8528162 , 0.0796875 ],
       [0.75681851, 0.0796875 ]]),
       array([[0.14064769, 0.1125    ],
       [0.85504862, 0.1125    ],
       [0.85504862, 0.125     ],
       [0.14064769, 0.125     ]]),
       array([[0.14067161, 0.12356918],
       [0.85510367, 0.12540078],
       [0.85503887, 0.13776899],
       [0.14060684, 0.13593738]]),
       array([[0.14066814, 0.13834544],
       [0.85286839, 0.14020536],
       [0.85279906, 0.15320074],
       [0.14059888, 0.15134082]]),
       array([[0.14064769, 0.1546875 ],
       [0.8528162 , 0.1546875 ],
       [0.8528162 , 0.16718749],
       [0.14064769, 0.16718749]]),
       array([[0.1428802 , 0.16718749],
       [0.35943296, 0.16718749],
       [0.35943296, 0.1796875 ],
       [0.1428802 , 0.1796875 ]]),
       array([[0.66082092, 0.26250001],
       [0.76128355, 0.26250001],
       [0.76128355, 0.28593751],
       [0.66082092, 0.28593751]]),
       array([[0.5335682 , 0.2640625 ],
       [0.62510085, 0.2640625 ],
       [0.62510085, 0.28437499],
       [0.5335682 , 0.28437499]]),
       array([[0.1518102 , 0.2671875 ],
       [0.20539028, 0.2671875 ],
       [0.20539028, 0.28593751],
       [0.1518102 , 0.28593751]]),
       array([[0.22662321, 0.27476429],
       [0.25468112, 0.27365667],
       [0.26257616, 0.27775924],
       [0.29227659, 0.26774696],
       [0.32683404, 0.26884292],
       [0.35105856, 0.26760057],
       [0.36923516, 0.26877125],
       [0.36840301, 0.28679329],
       [0.35022641, 0.28562261],
       [0.32617449, 0.28686884],
       [0.29393795, 0.28574473],
       [0.27364406, 0.29402503],
       [0.24476868, 0.29025401],
       [0.21671077, 0.29136163]]),
       array([[0.39292053, 0.275     ],
       [0.45766312, 0.275     ],
       [0.45766312, 0.28593751],
       [0.39292053, 0.28593751]]),
       array([[0.15404268, 0.31093749],
       [0.6206357 , 0.31093749],
       [0.6206357 , 0.3359375 ],
       [0.15404268, 0.3359375 ]]),
       array([[0.65189087, 0.31406251],
       [0.71216845, 0.31406251],
       [0.71216845, 0.33437499],
       [0.65189087, 0.33437499]]),
       array([[0.56002914, 0.36597407],
       [0.59531154, 0.36523934],
       [0.6327519 , 0.36188565],
       [0.66534139, 0.36388788],
       [0.71140013, 0.35970085],
       [0.74889202, 0.36315022],
       [0.79060964, 0.36341464],
       [0.78950058, 0.38534857],
       [0.74778296, 0.38508415],
       [0.70991332, 0.38162447],
       [0.66760563, 0.38577889],
       [0.63373781, 0.38382151],
       [0.59605994, 0.38717969],
       [0.56077753, 0.38791442]]),
       array([[0.15146428, 0.36887286],
       [0.18911312, 0.36822224],
       [0.24742194, 0.36570633],
       [0.33183191, 0.36656324],
       [0.39168609, 0.36549671],
       [0.45276609, 0.36679404],
       [0.49046558, 0.36757885],
       [0.48747577, 0.387356  ],
       [0.44977629, 0.38657119],
       [0.39085795, 0.38537047],
       [0.33531337, 0.38629816],
       [0.24646403, 0.38557743],
       [0.18948157, 0.38810172],
       [0.15183273, 0.38875234]]),
       array([[0.15718888, 0.41126761],
       [0.17153138, 0.41312832],
       [0.18873821, 0.41593508],
       [0.20995351, 0.41577813],
       [0.22978213, 0.41771439],
       [0.2408831 , 0.41774866],
       [0.26101221, 0.41952041],
       [0.26738427, 0.43931093],
       [0.24725516, 0.43753918],
       [0.21855412, 0.43641273],
       [0.21194055, 0.43602158],
       [0.18441646, 0.43599958],
       [0.16652119, 0.43311378],
       [0.15217869, 0.43125307]]),
       array([[0.28196514, 0.42484373],
       [0.36367477, 0.40578123],
       [0.37997201, 0.43999999],
       [0.29826239, 0.45906254]]),
       array([[0.50231318, 0.4140625 ],
       [0.76798102, 0.4140625 ],
       [0.76798102, 0.45000001],
       [0.50231318, 0.45000001]]),
       array([[0.33225357, 0.46668554],
       [0.34512453, 0.4673255 ],
       [0.36647015, 0.46901138],
       [0.38829608, 0.46932846],
       [0.40830277, 0.46951811],
       [0.4326064 , 0.46622246],
       [0.45100891, 0.46309568],
       [0.45386026, 0.48030842],
       [0.43545775, 0.4834352 ],
       [0.41007564, 0.48679185],
       [0.3899846 , 0.48660567],
       [0.36283371, 0.48613264],
       [0.33992563, 0.48425857],
       [0.32705467, 0.48361861]]),
       array([[0.15023743, 0.46777891],
       [0.17042083, 0.46699676],
       [0.19746743, 0.46517294],
       [0.23091273, 0.4664454 ],
       [0.26027095, 0.46826354],
       [0.27717686, 0.46997745],
       [0.30298792, 0.47373939],
       [0.30322805, 0.49292963],
       [0.27741699, 0.48916769],
       [0.25911197, 0.48743702],
       [0.22678676, 0.48543246],
       [0.19850574, 0.48435242],
       [0.16806665, 0.48611996],
       [0.14788325, 0.48690211]]),
       array([[0.48164267, 0.46564003],
       [0.56231554, 0.46354881],
       [0.56346543, 0.48527826],
       [0.48279257, 0.48736948]]),
       array([[0.58326876, 0.47475641],
       [0.60545126, 0.46998427],
       [0.63361235, 0.46485398],
       [0.65742565, 0.46323153],
       [0.67666171, 0.46343597],
       [0.71376714, 0.46323038],
       [0.7298354 , 0.46373439],
       [0.72732181, 0.48562948],
       [0.71125355, 0.48512547],
       [0.67759075, 0.48538544],
       [0.65698185, 0.48518973],
       [0.64112315, 0.48619355],
       [0.60795661, 0.49187393],
       [0.58577411, 0.49664608]]),
       array([[0.74342352, 0.47187499],
       [0.78137606, 0.47187499],
       [0.78137606, 0.49843749],
       [0.74342352, 0.49843749]]),
       array([[0.45096853, 0.51588591],
       [0.49291211, 0.51451116],
       [0.53138719, 0.51474065],
       [0.56988309, 0.51422548],
       [0.61501733, 0.51537084],
       [0.66305907, 0.51663966],
       [0.68557401, 0.51722329],
       [0.68219283, 0.53937228],
       [0.65967788, 0.53878866],
       [0.61455432, 0.53764247],
       [0.5709597 , 0.53648784],
       [0.52943716, 0.53697281],
       [0.49241148, 0.53678238],
       [0.45046791, 0.53815713]]),
       array([[0.27442103, 0.51907492],
       [0.31354511, 0.51633664],
       [0.316286  , 0.53551981],
       [0.27716192, 0.53825808]]),
       array([[0.33934045, 0.52187499],
       [0.41971058, 0.52187499],
       [0.41971058, 0.53749999],
       [0.33934045, 0.53749999]]),
       array([[0.75235351, 0.52031251],
       [0.77691106, 0.52031251],
       [0.77691106, 0.53593751],
       [0.75235351, 0.53593751]]),
       array([[0.16053965, 0.52075886],
       [0.16996274, 0.52224072],
       [0.17654949, 0.52241456],
       [0.18540592, 0.52345162],
       [0.19464039, 0.52319985],
       [0.20332803, 0.52432396],
       [0.21283513, 0.52492388],
       [0.21402038, 0.53738887],
       [0.20451328, 0.53678895],
       [0.19582565, 0.53566484],
       [0.1830343 , 0.53582287],
       [0.17889336, 0.53481598],
       [0.16359062, 0.53396848],
       [0.15416753, 0.53248662]]),
       array([[0.52728299, 0.55706735],
       [0.63334397, 0.56634621],
       [0.6268182 , 0.60288473],
       [0.52075717, 0.59360587]]),
       array([[0.66305334, 0.56406244],
       [0.76128345, 0.56406244],
       [0.76128345, 0.58437499],
       [0.66305334, 0.58437499]]),
       array([[0.23670561, 0.56410704],
       [0.44497386, 0.56815604],
       [0.44410977, 0.5899275 ],
       [0.23584152, 0.5858785 ]]),
       array([[0.16074022, 0.5703125 ],
       [0.20092527, 0.5703125 ],
       [0.20092527, 0.5859375 ],
       [0.16074022, 0.5859375 ]]),
       array([[0.16621892, 0.61425678],
       [0.26836501, 0.6255448 ],
       [0.26371294, 0.64616559],
       [0.16156687, 0.63487763]]),
       array([[0.2995307 , 0.61827945],
       [0.31966753, 0.61793571],
       [0.35658962, 0.61729821],
       [0.37368718, 0.61699407],
       [0.40324632, 0.61651826],
       [0.43122619, 0.61541019],
       [0.46283462, 0.61386105],
       [0.45822438, 0.63378562],
       [0.42661595, 0.63533477],
       [0.40615379, 0.63660087],
       [0.37399084, 0.63717866],
       [0.35581863, 0.63747659],
       [0.3222012 , 0.6380432 ],
       [0.30206437, 0.63838694]]),
       array([[0.14064769, 0.79843751],
       [0.19646026, 0.79843751],
       [0.19646026, 0.80781253],
       [0.14064769, 0.80781253]])], dtype=object),
 'times': {'craftnet_time': 0.0410001277923584,
           'postprocess_time': 0.12099933624267578,
           'preprocessing_time': 0.03200101852416992,
           'refinenet_time': 0.21800017356872559,
           'resize_time': 0.012000322341918945}}

Process finished with exit code 0
